execute if entity @s[tag=aj.bicycle.bone.wheel_front] run data modify entity @s {} merge value {transformation:[-1f,-1.0605752387249072e-16f,6.123233995736764e-17f,-1.0539463434312015e-16f,0f,0.4999999999999998f,0.8660254037844388f,0.48258625f,-1.2246467991473532e-16f,0.8660254037844388f,-0.4999999999999998f,0.8606125f,0f,0f,0f,1f],start_interpolation:0}
execute if entity @s[tag=aj.bicycle.bone.wheel_back] run data modify entity @s {} merge value {transformation:[-1f,-1.0605752387249072e-16f,6.123233995736764e-17f,-0.004511874999999904f,0f,0.4999999999999998f,0.8660254037844388f,0.4826175f,-1.2246467991473532e-16f,0.8660254037844388f,-0.4999999999999998f,-0.78406625f,0f,0f,0f,1f],start_interpolation:0}
execute if entity @s[tag=aj.bicycle.bone.chain_ring] run data modify entity @s {} merge value {transformation:[-1f,6.123233995736769e-17f,-1.0605752387249072e-16f,-0.126101875f,0f,-0.8660254037844388f,-0.5000000000000002f,0.421875f,-1.2246467991473532e-16f,-0.5000000000000002f,0.8660254037844388f,-0.08120750000000003f,0f,0f,0f,1f],start_interpolation:0}
execute if entity @s[tag=aj.bicycle.bone.pedal_left] run data modify entity @s {} merge value {transformation:[-1f,6.162975822039155e-33f,1.224646799147354e-16f,0.23942187500000003f,0f,1.0000000000000004f,0f,0.2088248281447287f,-1.2246467991473532e-16f,0f,-1.0000000000000004f,-0.20547502778538923f,0f,0f,0f,1f],start_interpolation:0}
execute if entity @s[tag=aj.bicycle.bone.pedal_right] run data modify entity @s {} merge value {transformation:[-1f,6.162975822039155e-33f,1.224646799147354e-16f,-0.23942187500000003f,0f,1.0000000000000004f,0f,0.6349251718552713f,-1.2246467991473532e-16f,0f,-1.0000000000000004f,0.043060027785389254f,0f,0f,0f,1f],start_interpolation:0}
execute if entity @s[tag=aj.bicycle.bone.crank_arm] run data modify entity @s {} merge value {transformation:[-1f,6.123233995736769e-17f,-1.0605752387249072e-16f,9.945050494175869e-18f,0f,-0.8660254037844388f,-0.5000000000000002f,0.421875f,-1.2246467991473532e-16f,-0.5000000000000002f,0.8660254037844388f,-0.0812075f,0f,0f,0f,1f],start_interpolation:0}
execute if entity @s[tag=aj.bicycle.locator_origin.vehicle] at @s on origin run tp @s ^0 ^1.03125 ^0.27817 ~0 ~0
execute if entity @s[tag=aj.bicycle.locator_origin.bounding_box_0] at @s on origin run tp @s ^0 ^0 ^-0.74996 ~0 ~0
execute if entity @s[tag=aj.bicycle.locator_origin.bounding_box_1] at @s on origin run tp @s ^0 ^0 ^0.00004 ~0 ~0
execute if entity @s[tag=aj.bicycle.locator_origin.bounding_box_2] at @s on origin run tp @s ^0 ^0 ^0.81254 ~0 ~0
execute if entity @s[tag=aj.bicycle.bone.head] run data modify entity @s {} merge value {transformation:[-1.0f,0.0f,1.2246467991473532e-16f,3.827021247335479e-18f,0.0f,1.0f,0.0f,1.6555f,-1.2246467991473532e-16f,0.0f,-1.0f,-0.03125f,0.0f,0.0f,0.0f,1.0f],start_interpolation:0}
execute if entity @s[tag=aj.bicycle.bone.right_arm] run data modify entity @s {} merge value {transformation:[-0.984807753012208f,-0.17335439243383505f,-0.010096743581059546f,3.827021247335479e-18f,0.0f,0.0581448289104759f,-0.9983081582712681f,-1022.4695f,0.1736481776669302f,-0.9831416141608833f,-0.05726147830860506f,-0.03125f,0.0f,0.0f,0.0f,1.0f],start_interpolation:0}
execute if entity @s[tag=aj.bicycle.bone.left_arm] run data modify entity @s {} merge value {transformation:[-0.984807753012208f,0.17335439243383527f,0.01009674358105956f,3.827021247335479e-18f,0.0f,0.0581448289104759f,-0.9983081582712681f,-2046.4695f,-0.17364817766693041f,-0.9831416141608833f,-0.05726147830860506f,-0.03125f,0.0f,0.0f,0.0f,1.0f],start_interpolation:0}
execute if entity @s[tag=aj.bicycle.bone.torso] run data modify entity @s {} merge value {transformation:[-1.0f,-3.580520723499547e-17f,1.1711355583995222e-16f,3.827021247335479e-18f,0.0f,0.9563047559630354f,0.29237170472273677f,-3070.3445f,-1.2246467991473532e-16f,0.29237170472273677f,-0.9563047559630354f,-0.03125f,0.0f,0.0f,0.0f,1.0f],start_interpolation:0}
execute if entity @s[tag=aj.bicycle.bone.right_leg] run data modify entity @s {} merge value {transformation:[-0.99f,1.4075108753028016e-17f,1.204202513843054e-16f,1.3011872240940625e-17f,0.0f,0.9833059741645236f,-0.11493198498397787f,-4094.634875f,-1.2124003311558797e-16f,-0.11493198498397787f,-0.9833059741645236f,-0.10624999999999998f,0.0f,0.0f,0.0f,1.0f],start_interpolation:0}
execute if entity @s[tag=aj.bicycle.bone.left_leg] run data modify entity @s {} merge value {transformation:[-0.99f,7.04948098260629e-18f,1.2103491416837018e-16f,1.9135106236677395e-17f,0.0f,0.9883250766885555f,-0.0575633806213711f,-5119.018375f,-1.2124003311558797e-16f,-0.0575633806213711f,-0.9883250766885555f,-0.15625f,0.0f,0.0f,0.0f,1.0f],start_interpolation:0}
