execute if entity @s[tag=aj.bicycle.bone.wheel_front] run data modify entity @s {} merge value {transformation:[-0.984807753012208f,-0.08682408883346536f,0.1503837331804353f,-0.03683707322959645f,0f,0.8660254037844382f,0.5000000000000008f,0.48258625f,-0.17364817766693044f,0.4924038765061048f,-0.8528685319524427f,0.857389673694936f,0f,0f,0f,1f],start_interpolation:0}
execute if entity @s[tag=aj.bicycle.bone.wheel_back] run data modify entity @s {} merge value {transformation:[-1f,-6.123233995736776e-17f,1.0605752387249063e-16f,-0.004511874999999904f,0f,0.8660254037844382f,0.5000000000000008f,0.4826175f,-1.2246467991473532e-16f,0.5000000000000008f,-0.8660254037844382f,-0.78406625f,0f,0f,0f,1f],start_interpolation:0}
execute if entity @s[tag=aj.bicycle.bone.chain_ring] run data modify entity @s {} merge value {transformation:[-1f,3.1696191514317705e-17f,-1.1829179713786696e-16f,-0.126101875f,0f,-0.9659258262890682f,-0.25881904510252124f,0.421875f,-1.2246467991473532e-16f,-0.25881904510252124f,0.9659258262890682f,-0.08120750000000003f,0f,0f,0f,1f],start_interpolation:0}
execute if entity @s[tag=aj.bicycle.bone.pedal_left] run data modify entity @s {} merge value {transformation:[-1f,0f,1.2246467991473532e-16f,0.239421875f,0f,1f,0f,0.18392153383100374f,-1.2246467991473532e-16f,0f,-1f,-0.1460992724184927f,0f,0f,0f,1f],start_interpolation:0}
execute if entity @s[tag=aj.bicycle.bone.pedal_right] run data modify entity @s {} merge value {transformation:[-1f,0f,1.2246467991473532e-16f,-0.239421875f,0f,1f,0f,0.6598284661689964f,-1.2246467991473532e-16f,0f,-1f,-0.016315727581507317f,0f,0f,0f,1f],start_interpolation:0}
execute if entity @s[tag=aj.bicycle.bone.crank_arm] run data modify entity @s {} merge value {transformation:[-1f,3.1696191514317705e-17f,-1.1829179713786696e-16f,9.945050494175869e-18f,0f,-0.9659258262890682f,-0.25881904510252124f,0.421875f,-1.2246467991473532e-16f,-0.25881904510252124f,0.9659258262890682f,-0.0812075f,0f,0f,0f,1f],start_interpolation:0}
execute if entity @s[tag=aj.bicycle.locator_origin.vehicle] at @s on origin run tp @s ^0 ^1.03125 ^0.27817 ~0 ~0
execute if entity @s[tag=aj.bicycle.locator_origin.bounding_box_0] at @s on origin run tp @s ^0 ^0 ^-0.74996 ~0 ~0
execute if entity @s[tag=aj.bicycle.locator_origin.bounding_box_1] at @s on origin run tp @s ^0 ^0 ^0.00004 ~0 ~0
execute if entity @s[tag=aj.bicycle.locator_origin.bounding_box_2] at @s on origin run tp @s ^0 ^0 ^0.81254 ~0 ~0
execute if entity @s[tag=aj.bicycle.bone.head] run data modify entity @s {} merge value {transformation:[-0.984807753012208f,0.0f,0.17364817766693044f,3.827021247335479e-18f,0.0f,1.0f,0.0f,1.631875f,-0.17364817766693044f,0.0f,-0.984807753012208f,-0.03125f,0.0f,0.0f,0.0f,1.0f],start_interpolation:0}
execute if entity @s[tag=aj.bicycle.bone.right_arm] run data modify entity @s {} merge value {transformation:[-0.984807753012208f,-0.1735747158196422f,-0.005050508407696493f,3.827021247335479e-18f,0.0f,0.02908471874311136f,-0.9995769500822006f,-1022.493125f,0.17364817766693022f,-0.9843911301732481f,-0.02864285651239562f,-0.03125f,0.0f,0.0f,0.0f,1.0f],start_interpolation:0}
execute if entity @s[tag=aj.bicycle.bone.left_arm] run data modify entity @s {} merge value {transformation:[-0.984807753012208f,0.17357471581964243f,0.0050505084076965f,3.827021247335479e-18f,0.0f,0.02908471874311136f,-0.9995769500822006f,-2046.493125f,-0.17364817766693044f,-0.9843911301732481f,-0.02864285651239562f,-0.03125f,0.0f,0.0f,0.0f,1.0f],start_interpolation:0}
execute if entity @s[tag=aj.bicycle.bone.torso] run data modify entity @s {} merge value {transformation:[-1.0f,-3.580520723499547e-17f,1.1711355583995222e-16f,3.827021247335479e-18f,0.0f,0.9563047559630354f,0.29237170472273677f,-3070.368125f,-1.2246467991473532e-16f,0.29237170472273677f,-0.9563047559630354f,-0.03125f,0.0f,0.0f,0.0f,1.0f],start_interpolation:0}
execute if entity @s[tag=aj.bicycle.bone.right_leg] run data modify entity @s {} merge value {transformation:[-0.99f,7.04948098260629e-18f,1.2103491416837018e-16f,1.1481063742006436e-17f,0.0f,0.9883250766885555f,-0.0575633806213711f,-4094.58f,-1.2124003311558797e-16f,-0.0575633806213711f,-0.9883250766885555f,-0.09375f,0.0f,0.0f,0.0f,1.0f],start_interpolation:0}
execute if entity @s[tag=aj.bicycle.bone.left_leg] run data modify entity @s {} merge value {transformation:[-0.99f,1.4075108753028016e-17f,1.204202513843054e-16f,1.9135106236677395e-17f,0.0f,0.9833059741645236f,-0.11493198498397787f,-5119.059375f,-1.2124003311558797e-16f,-0.11493198498397787f,-0.9833059741645236f,-0.15625f,0.0f,0.0f,0.0f,1.0f],start_interpolation:0}
