execute if entity @s[tag=aj.bicycle.bone.wheel_front] run data modify entity @s {} merge value {transformation:[-0.984807753012208f,-0.08682408883346521f,-0.1503837331804354f,-0.03683707322959645f,0f,-0.8660254037844388f,0.49999999999999994f,0.48258625f,-0.17364817766693044f,0.49240387650610395f,0.8528685319524434f,0.857389673694936f,0f,0f,0f,1f],start_interpolation:0}
execute if entity @s[tag=aj.bicycle.bone.wheel_back] run data modify entity @s {} merge value {transformation:[-1f,-6.123233995736765e-17f,-1.0605752387249072e-16f,-0.004511874999999904f,0f,-0.8660254037844388f,0.49999999999999994f,0.4826175f,-1.2246467991473532e-16f,0.49999999999999994f,0.8660254037844388f,-0.78406625f,0f,0f,0f,1f],start_interpolation:0}
execute if entity @s[tag=aj.bicycle.bone.chain_ring] run data modify entity @s {} merge value {transformation:[-1f,-1.1829179713786698e-16f,3.169619151431765e-17f,-0.126101875f,0f,0.25881904510252074f,0.9659258262890683f,0.421875f,-1.2246467991473532e-16f,0.9659258262890683f,-0.25881904510252074f,-0.08120750000000003f,0f,0f,0f,1f],start_interpolation:0}
execute if entity @s[tag=aj.bicycle.bone.pedal_left] run data modify entity @s {} merge value {transformation:[-1f,0f,1.2246467991473532e-16f,0.23942187499999998f,0f,1f,0f,0.4846538096734852f,-1.2246467991473532e-16f,0f,-1f,0.1573121328301581f,0f,0f,0f,1f],start_interpolation:0}
execute if entity @s[tag=aj.bicycle.bone.pedal_right] run data modify entity @s {} merge value {transformation:[-1f,0f,1.2246467991473532e-16f,-0.23942187499999998f,0f,1f,0f,0.35909619032651474f,-1.2246467991473532e-16f,0f,-1f,-0.31972713283015813f,0f,0f,0f,1f],start_interpolation:0}
execute if entity @s[tag=aj.bicycle.bone.crank_arm] run data modify entity @s {} merge value {transformation:[-1f,-1.1829179713786698e-16f,3.169619151431765e-17f,9.945050494175869e-18f,0f,0.25881904510252074f,0.9659258262890683f,0.421875f,-1.2246467991473532e-16f,0.9659258262890683f,-0.25881904510252074f,-0.0812075f,0f,0f,0f,1f],start_interpolation:0}
execute if entity @s[tag=aj.bicycle.locator_origin.vehicle] at @s on origin run tp @s ^0 ^1.03125 ^0.27817 ~0 ~0
execute if entity @s[tag=aj.bicycle.locator_origin.bounding_box_0] at @s on origin run tp @s ^0 ^0 ^-0.74996 ~0 ~0
execute if entity @s[tag=aj.bicycle.locator_origin.bounding_box_1] at @s on origin run tp @s ^0 ^0 ^0.00004 ~0 ~0
execute if entity @s[tag=aj.bicycle.locator_origin.bounding_box_2] at @s on origin run tp @s ^0 ^0 ^0.81254 ~0 ~0
execute if entity @s[tag=aj.bicycle.bone.head] run data modify entity @s {} merge value {transformation:[-0.984807753012208f,0.0f,0.17364817766693044f,3.827021247335479e-18f,0.0f,1.0f,0.0f,1.726375f,-0.17364817766693044f,0.0f,-0.984807753012208f,-0.03125f,0.0f,0.0f,0.0f,1.0f],start_interpolation:0}
execute if entity @s[tag=aj.bicycle.bone.right_arm] run data modify entity @s {} merge value {transformation:[-0.984807753012208f,-0.17181473744736242f,-0.025167153254583293f,3.827021247335479e-18f,-1.3877787807814457e-17f,0.14493185930724672f,-0.9894416385809445f,-1022.398625f,0.1736481776669302f,-0.9744097968276172f,-0.14273001870425106f,-0.03125f,0.0f,0.0f,0.0f,1.0f],start_interpolation:0}
execute if entity @s[tag=aj.bicycle.bone.left_arm] run data modify entity @s {} merge value {transformation:[-0.984807753012208f,0.17181473744736264f,0.025167153254583328f,3.827021247335479e-18f,1.3877787807814457e-17f,0.14493185930724672f,-0.9894416385809445f,-2046.398625f,-0.17364817766693041f,-0.9744097968276172f,-0.14273001870425106f,-0.03125f,0.0f,0.0f,0.0f,1.0f],start_interpolation:0}
execute if entity @s[tag=aj.bicycle.bone.torso] run data modify entity @s {} merge value {transformation:[-1.0f,-3.580520723499547e-17f,1.1711355583995222e-16f,3.827021247335479e-18f,0.0f,0.9563047559630354f,0.29237170472273677f,-3070.273625f,-1.2246467991473532e-16f,0.29237170472273677f,-0.9563047559630354f,-0.03125f,0.0f,0.0f,0.0f,1.0f],start_interpolation:0}
execute if entity @s[tag=aj.bicycle.bone.right_leg] run data modify entity @s {} merge value {transformation:[-0.99f,-1.4075108753028022e-17f,1.204202513843054e-16f,1.9135106236677395e-17f,0.0f,0.9833059741645236f,0.11493198498397793f,-4094.895375f,-1.2124003311558797e-16f,0.11493198498397793f,-0.9833059741645236f,-0.15625f,0.0f,0.0f,0.0f,1.0f],start_interpolation:0}
execute if entity @s[tag=aj.bicycle.bone.left_leg] run data modify entity @s {} merge value {transformation:[-0.99f,3.477203343155026e-17f,1.1614668019751584e-16f,1.76042977377432e-17f,0.0f,0.948409617192334f,-0.28393520038397935f,-5118.7995f,-1.2124003311558797e-16f,-0.28393520038397935f,-0.948409617192334f,-0.14375f,0.0f,0.0f,0.0f,1.0f],start_interpolation:0}
