execute if entity @s[tag=aj.bicycle.bone.wheel_front] run data modify entity @s {} merge value {transformation:[-0.984807753012208f,0.1503837331804351f,0.08682408883346522f,0.03683707322959626f,0f,-0.5000000000000007f,0.8660254037844382f,0.48258625f,0.17364817766693022f,0.8528685319524427f,0.4924038765061047f,0.857389673694936f,0f,0f,0f,1f],start_interpolation:0}
execute if entity @s[tag=aj.bicycle.bone.wheel_back] run data modify entity @s {} merge value {transformation:[-1f,-1.0605752387249063e-16f,-6.123233995736775e-17f,-0.004511874999999904f,0f,-0.5000000000000007f,0.8660254037844382f,0.4826175f,-1.2246467991473532e-16f,0.8660254037844382f,0.5000000000000007f,-0.78406625f,0f,0f,0f,1f],start_interpolation:0}
execute if entity @s[tag=aj.bicycle.bone.chain_ring] run data modify entity @s {} merge value {transformation:[-1f,1.0605752387249072e-16f,-6.123233995736757e-17f,-0.126101875f,0f,-0.49999999999999933f,-0.8660254037844388f,0.421875f,-1.2246467991473532e-16f,-0.8660254037844388f,0.49999999999999933f,-0.08120750000000003f,0f,0f,0f,1f],start_interpolation:0}
execute if entity @s[tag=aj.bicycle.bone.pedal_left] run data modify entity @s {} merge value {transformation:[-1f,-1.232595164407831e-32f,1.2246467991473527e-16f,0.23942187500000003f,0f,0.9999999999999997f,0f,0.2995019027853894f,-1.2246467991473532e-16f,0f,-0.9999999999999997f,-0.2953514218552713f,0f,0f,0f,1f],start_interpolation:0}
execute if entity @s[tag=aj.bicycle.bone.pedal_right] run data modify entity @s {} merge value {transformation:[-1f,-1.232595164407831e-32f,1.2246467991473527e-16f,-0.23942187500000003f,0f,0.9999999999999997f,0f,0.5442480972146106f,-1.2246467991473532e-16f,0f,-0.9999999999999997f,0.13293642185527133f,0f,0f,0f,1f],start_interpolation:0}
execute if entity @s[tag=aj.bicycle.bone.crank_arm] run data modify entity @s {} merge value {transformation:[-1f,1.0605752387249072e-16f,-6.123233995736757e-17f,9.945050494175869e-18f,0f,-0.49999999999999933f,-0.8660254037844388f,0.421875f,-1.2246467991473532e-16f,-0.8660254037844388f,0.49999999999999933f,-0.0812075f,0f,0f,0f,1f],start_interpolation:0}
execute if entity @s[tag=aj.bicycle.locator_origin.vehicle] at @s on origin run tp @s ^0 ^1.03125 ^0.27817 ~0 ~0
execute if entity @s[tag=aj.bicycle.locator_origin.bounding_box_0] at @s on origin run tp @s ^0 ^0 ^-0.74996 ~0 ~0
execute if entity @s[tag=aj.bicycle.locator_origin.bounding_box_1] at @s on origin run tp @s ^0 ^0 ^0.00004 ~0 ~0
execute if entity @s[tag=aj.bicycle.locator_origin.bounding_box_2] at @s on origin run tp @s ^0 ^0 ^0.81254 ~0 ~0
execute if entity @s[tag=aj.bicycle.bone.head] run data modify entity @s {} merge value {transformation:[-0.984807753012208f,0.0f,-0.17364817766693022f,3.827021247335479e-18f,0.0f,1.0f,0.0f,1.70275f,0.17364817766693022f,0.0f,-0.984807753012208f,-0.03125f,0.0f,0.0f,0.0f,1.0f],start_interpolation:0}
execute if entity @s[tag=aj.bicycle.bone.right_arm] run data modify entity @s {} merge value {transformation:[-0.984807753012208f,-0.1724740308107829f,-0.02015932297788968f,3.827021247335479e-18f,0.0f,0.11609291412523048f,-0.993238357741943f,-1022.42225f,0.17364817766693022f,-0.9781488352933785f,-0.11432920190030749f,-0.03125f,0.0f,0.0f,0.0f,1.0f],start_interpolation:0}
execute if entity @s[tag=aj.bicycle.bone.left_arm] run data modify entity @s {} merge value {transformation:[-0.984807753012208f,0.17247403081078314f,0.020159322977889707f,3.827021247335479e-18f,0.0f,0.11609291412523048f,-0.993238357741943f,-2046.42225f,-0.17364817766693044f,-0.9781488352933785f,-0.11432920190030749f,-0.03125f,0.0f,0.0f,0.0f,1.0f],start_interpolation:0}
execute if entity @s[tag=aj.bicycle.bone.torso] run data modify entity @s {} merge value {transformation:[-1.0f,-3.580520723499547e-17f,1.1711355583995222e-16f,3.827021247335479e-18f,0.0f,0.9563047559630354f,0.29237170472273677f,-3070.29725f,-1.2246467991473532e-16f,0.29237170472273677f,-0.9563047559630354f,-0.03125f,0.0f,0.0f,0.0f,1.0f],start_interpolation:0}
execute if entity @s[tag=aj.bicycle.bone.right_leg] run data modify entity @s {} merge value {transformation:[-0.99f,2.795987580579361e-17f,1.1797199233205086e-16f,1.6073489238809012e-17f,0.0f,0.9633144218740256f,-0.22830971203501582f,-4094.744625f,-1.2124003311558797e-16f,-0.22830971203501582f,-0.9633144218740256f,-0.13125f,0.0f,0.0f,0.0f,1.0f],start_interpolation:0}
execute if entity @s[tag=aj.bicycle.bone.left_leg] run data modify entity @s {} merge value {transformation:[-0.99f,-7.04948098260629e-18f,1.2103491416837018e-16f,1.9135106236677395e-17f,0.0f,0.9883250766885555f,0.0575633806213711f,-5118.936375f,-1.2124003311558797e-16f,0.0575633806213711f,-0.9883250766885555f,-0.15625f,0.0f,0.0f,0.0f,1.0f],start_interpolation:0}
