execute if entity @s[tag=aj.bicycle.bone.wheel_front] run data modify entity @s {} merge value {transformation:[-0.984807753012208f,-0.1503837331804352f,-0.08682408883346512f,0.03683707322959626f,0f,0.5000000000000001f,-0.8660254037844386f,0.48258625f,0.17364817766693022f,-0.8528685319524432f,-0.4924038765061041f,0.857389673694936f,0f,0f,0f,1f],start_interpolation:0}
execute if entity @s[tag=aj.bicycle.bone.wheel_back] run data modify entity @s {} merge value {transformation:[-1f,1.0605752387249068e-16f,6.123233995736767e-17f,-0.004511874999999904f,0f,0.5000000000000001f,-0.8660254037844386f,0.4826175f,-1.2246467991473532e-16f,-0.8660254037844386f,-0.5000000000000001f,-0.78406625f,0f,0f,0f,1f],start_interpolation:0}
execute if entity @s[tag=aj.bicycle.bone.chain_ring] run data modify entity @s {} merge value {transformation:[-1f,-6.123233995736765e-17f,-1.0605752387249072e-16f,-0.126101875f,0f,-0.8660254037844388f,0.49999999999999994f,0.421875f,-1.2246467991473532e-16f,0.49999999999999994f,0.8660254037844388f,-0.08120750000000003f,0f,0f,0f,1f],start_interpolation:0}
execute if entity @s[tag=aj.bicycle.bone.pedal_left] run data modify entity @s {} merge value {transformation:[-1f,-6.162975822039155e-33f,1.2246467991473535e-16f,0.23942187499999998f,0f,1.0000000000000002f,0f,0.2077310781447287f,-1.2246467991473532e-16f,0f,-1.0000000000000002f,0.04116559721461076f,0f,0f,0f,1f],start_interpolation:0}
execute if entity @s[tag=aj.bicycle.bone.pedal_right] run data modify entity @s {} merge value {transformation:[-1f,-6.162975822039155e-33f,1.2246467991473535e-16f,-0.23942187499999998f,0f,1.0000000000000002f,0f,0.6360189218552714f,-1.2246467991473532e-16f,0f,-1.0000000000000002f,-0.2035805972146108f,0f,0f,0f,1f],start_interpolation:0}
execute if entity @s[tag=aj.bicycle.bone.crank_arm] run data modify entity @s {} merge value {transformation:[-1f,-6.123233995736765e-17f,-1.0605752387249072e-16f,9.945050494175869e-18f,0f,-0.8660254037844388f,0.49999999999999994f,0.421875f,-1.2246467991473532e-16f,0.49999999999999994f,0.8660254037844388f,-0.0812075f,0f,0f,0f,1f],start_interpolation:0}
execute if entity @s[tag=aj.bicycle.locator_origin.vehicle] at @s on origin run tp @s ^0 ^1.03125 ^0.27817 ~0 ~0
execute if entity @s[tag=aj.bicycle.locator_origin.bounding_box_0] at @s on origin run tp @s ^0 ^0 ^-0.74996 ~0 ~0
execute if entity @s[tag=aj.bicycle.locator_origin.bounding_box_1] at @s on origin run tp @s ^0 ^0 ^0.00004 ~0 ~0
execute if entity @s[tag=aj.bicycle.locator_origin.bounding_box_2] at @s on origin run tp @s ^0 ^0 ^0.81254 ~0 ~0
execute if entity @s[tag=aj.bicycle.bone.head] run data modify entity @s {} merge value {transformation:[-0.984807753012208f,0.0f,-0.17364817766693022f,3.827021247335479e-18f,0.0f,1.0f,0.0f,1.6555f,0.17364817766693022f,0.0f,-0.984807753012208f,-0.03125f,0.0f,0.0f,0.0f,1.0f],start_interpolation:0}
execute if entity @s[tag=aj.bicycle.bone.right_arm] run data modify entity @s {} merge value {transformation:[-0.984807753012208f,-0.17335439243383505f,-0.010096743581059546f,3.827021247335479e-18f,0.0f,0.0581448289104759f,-0.9983081582712681f,-1022.4695f,0.1736481776669302f,-0.9831416141608833f,-0.05726147830860506f,-0.03125f,0.0f,0.0f,0.0f,1.0f],start_interpolation:0}
execute if entity @s[tag=aj.bicycle.bone.left_arm] run data modify entity @s {} merge value {transformation:[-0.984807753012208f,0.17335439243383527f,0.01009674358105956f,3.827021247335479e-18f,0.0f,0.0581448289104759f,-0.9983081582712681f,-2046.4695f,-0.17364817766693041f,-0.9831416141608833f,-0.05726147830860506f,-0.03125f,0.0f,0.0f,0.0f,1.0f],start_interpolation:0}
execute if entity @s[tag=aj.bicycle.bone.torso] run data modify entity @s {} merge value {transformation:[-1.0f,-3.580520723499547e-17f,1.1711355583995222e-16f,3.827021247335479e-18f,0.0f,0.9563047559630354f,0.29237170472273677f,-3070.3445f,-1.2246467991473532e-16f,0.29237170472273677f,-0.9563047559630354f,-0.03125f,0.0f,0.0f,0.0f,1.0f],start_interpolation:0}
execute if entity @s[tag=aj.bicycle.bone.right_leg] run data modify entity @s {} merge value {transformation:[-0.99f,-7.049480982606282e-18f,1.2103491416837018e-16f,1.301187224094063e-17f,0.0f,0.9883250766885555f,0.05756338062137104f,-4094.634875f,-1.2124003311558797e-16f,0.05756338062137104f,-0.9883250766885555f,-0.10625000000000001f,0.0f,0.0f,0.0f,1.0f],start_interpolation:0}
execute if entity @s[tag=aj.bicycle.bone.left_leg] run data modify entity @s {} merge value {transformation:[-0.99f,2.79598758057936e-17f,1.1797199233205086e-16f,1.9135106236677395e-17f,0.0f,0.9633144218740256f,-0.22830971203501577f,-5119.018375f,-1.2124003311558797e-16f,-0.22830971203501577f,-0.9633144218740256f,-0.15625f,0.0f,0.0f,0.0f,1.0f],start_interpolation:0}
